"7 (UMAP/FS)"	"4 (Fig.1)"	"2 (Fig.1)"	"8 (UMAP/FS)"	"1 (Fig.1)"	"6 (UMAP/FS)"	"5 (Fig.1)"	"8 (Fig.1)"	"3 (UMAP/FS)"	"6 (Fig.1)"	"3 (Fig.1)"	"1 (UMAP/FS)"	"7 (Fig.1)"	"2 (UMAP/FS)"
"2 (UMAP/FS)"	82.607384414119	82.5877407544656	86.9830305114896	87.12504163655	88.4464744348388	88.5383842931214	92.471364425043	90.5094842117936	90.6094471018672	87.3388596112678	92.6441580986653	92.611734894489	95.8910717503328	100
"7 (Fig.1)"	85.3855234373196	85.3564186900755	87.8191789336054	88.0099289921604	89.4362427025796	89.56198291245	88.9642416580044	88.0426791280027	88.4008472480693	85.6053657210046	91.7347403977509	91.0687997323381	100	95.8910717503328
"1 (UMAP/FS)"	83.4361964381722	83.4152050344477	88.5876424340846	88.6768270191365	89.0091016278288	89.0760937481102	89.3764103555114	87.7867066123301	87.813463725427	88.6089787906793	97.4185130937065	100	91.0687997323381	92.611734894489
"3 (Fig.1)"	84.3445091570129	84.309705726173	88.3388134627494	88.4557066312666	88.6624717483124	88.7360057082374	88.8118803654852	87.5726984462143	87.6921910816417	86.6461400911795	100	97.4185130937065	91.7347403977509	92.6441580986653
"6 (Fig.1)"	79.9921270946141	80.0325865645507	85.3200024211126	85.5015424257125	86.1789203497141	86.2509874362772	86.649391148657	85.5744578251532	85.5218277690963	100	86.6461400911795	88.6089787906793	85.6053657210046	87.3388596112678
"3 (UMAP/FS)"	78.1367591170821	78.139503294183	82.4307614448487	82.6550676915458	82.7580324163441	82.8438308648617	93.6351046014297	98.5389679664074	100	85.5218277690963	87.6921910816417	87.813463725427	88.4008472480693	90.6094471018672
"8 (Fig.1)"	77.6537995050519	77.6579650793822	82.1086873214421	82.3255796453475	82.592445855694	82.6750248058691	93.9637804109226	100	98.5389679664074	85.5744578251532	87.5726984462143	87.7867066123301	88.0426791280027	90.5094842117936
"5 (Fig.1)"	77.1785164147493	77.1772061479697	82.994468764646	83.1232103227402	83.4419887965043	83.4974060292591	100	93.9637804109226	93.6351046014297	86.649391148657	88.8118803654852	89.3764103555114	88.9642416580044	92.471364425043
"6 (UMAP/FS)"	88.2501936884929	88.2656169082492	92.8009798039513	92.8003732571743	99.7971155668777	100	83.4974060292591	82.6750248058691	82.8438308648617	86.2509874362772	88.7360057082374	89.0760937481102	89.56198291245	88.5383842931214
"1 (Fig.1)"	88.1389048176989	88.1540400209944	92.7719290934342	92.7588354268042	100	99.7971155668777	83.4419887965043	82.592445855694	82.7580324163441	86.1789203497141	88.6624717483124	89.0091016278288	89.4362427025796	88.4464744348388
"8 (UMAP/FS)"	88.1962190462891	88.2527505977921	99.4470814399784	100	92.7588354268042	92.8003732571743	83.1232103227402	82.3255796453475	82.6550676915458	85.5015424257125	88.4557066312666	88.6768270191365	88.0099289921604	87.12504163655
"2 (Fig.1)"	87.8760099694297	87.9294789934738	100	99.4470814399784	92.7719290934342	92.8009798039513	82.994468764646	82.1086873214421	82.4307614448487	85.3200024211126	88.3388134627494	88.5876424340846	87.8191789336054	86.9830305114896
"4 (Fig.1)"	99.8338662237504	100	87.9294789934738	88.2527505977921	88.1540400209944	88.2656169082492	77.1772061479697	77.6579650793822	78.139503294183	80.0325865645507	84.309705726173	83.4152050344477	85.3564186900755	82.5877407544656
"7 (UMAP/FS)"	100	99.8338662237504	87.8760099694297	88.1962190462891	88.1389048176989	88.2501936884929	77.1785164147493	77.6537995050519	78.1367591170821	79.9921270946141	84.3445091570129	83.4361964381722	85.3855234373196	82.607384414119
