"CD11c-159 (v)"	"CD61-150 (v)"	"HLA-DR-174 (v)"	"CD34-148 (v)"	"CD117-143 (v)"	"CD62L-153 (v)"	"CD123-151 (v)"	"CD13-152 (v)"	"CD33-158 (v)"	"CD184-175 (v)"	"CD38-167 (v)"	"CD16-165 (v)"	"CD183-156 (v)"	"CD19-142 (v)"	"CD56-176 (v)"	"CD24-166 (v)"	"CD25-169 (v)"	"CD15-164 (v)"	"CD185-171 (v)"	"CD235a-141 (v)"	"CD14-160 (v)"	"CD7-147 (v)"	"CD3-170 (v)"	"CD11b-144 (v)"	"CD64-146 (v)"	"CD4-145 (v)"	"CD45-154 (v)"
"5"	2.64177194331926	2.84306556867619	3.41628332415972	0.11584600566798	0.0103882778838675	0.237753263844023	1.10372061808944	0.86424225494762	1.0649402953446	1.27568471679204	2.18947159501832	0.187125085301291	0.158544120302477	0.0168999137447906	0.309990004710839	0.579976485035153	0.024804440656229	0.225067705060546	0.0142194148322236	0.463864663402833	1.23498563365899	0.362111162467299	0.117414869970384	3.11995450470792	3.63405523279099	2.56521594424972	5.19411015150312
"9"	1.71489589972923	2.36807372945663	2.35673003079651	0.0536133166727849	0.0184318616052407	0.201056038109454	0.858693487409903	0.375315427182656	0.99245050167498	1.0357842820763	2.45576791141519	0.085367246052353	0.111314181794573	0.0127723151750042	0.274385188309901	0.3479319318075	0.0238210033974084	0.156642903411622	0.0192145057625093	0.1378975523638	1.00761771602716	0.315287187338899	0.0434795538986419	2.73197539931749	3.56473611262698	1.56943633408731	4.61803857466102
"11"	2.12277249573738	2.45884483638096	1.26074500348341	0.0330709928690493	0.0171061517652741	0.225120359201096	0.383698162187759	1.84510177829572	0.840829677308861	0.713833805587802	1.9694359292685	0.100621072310927	0.110555221658087	0.0114796108927216	0.174461222237382	0.432605235972853	0.0263691214199193	0.173620269429639	0.0183698067876835	0.162507740971222	1.25042785070383	0.256237767928621	0.0533100545824149	3.19261155675976	3.25620472663387	1.58078717391362	4.78907823674466
"8"	2.85564467554901	2.74837907874015	3.29813972652514	0.103669543973779	0.00990925605397504	0.36204217417504	0.760438018090998	2.53468956585296	0.971597524825361	1.09871612041508	2.02284789473005	0.155903061881056	0.137925231524691	0.00102841960143388	0.26562137044083	0.442539144344447	0.0253060470178602	0.185259670154156	0.0154395923080669	0.30537572226891	1.33627368965707	0.348465157697282	0.116367105551904	3.46265648037129	3.58243962071353	2.73014420063325	5.38966056947855
"14"	2.6307498093787	1.63906914937515	2.31802728527573	0.0290191073595039	0.014357199255035	0.265720060572114	0.285799649894752	2.63742767397271	0.868994182991314	0.66200817736931	1.88100111319024	0.0269390253370035	0.114425002659882	0.00982194446550894	0.171364151612605	0.202714693755432	0.0276367072598695	0.10162999468745	0.0188995643288805	0.123536985925848	1.37140451956561	0.198817063249436	0.0806095575846517	3.48264612351634	3.39330552400334	2.39483344546866	5.14634925548431
"15"	2.18958039225306	2.56521439508507	2.612629646331	0.581239062367142	0.00393501161279749	1.64727649710345	0.822548856282832	1.78839822744863	0.693284926638602	1.23194767704727	2.22445276497202	0.279260988004267	0.276527401522031	0.0748756985349518	0.330964506167354	0.560510120979205	0.0159843594937421	0.314250201703767	0.313210796616843	0.434841189133927	0.982979284995693	2.81991537061057	3.63256144278445	3.13701085456516	3.41510707621544	4.28683904452143	6.02334438991361
"18"	0.00602531512598821	0.812958155111044	0.102395120428631	0.606598905567443	0.0166363691233349	2.25215333817429	0.00670955461237083	0.380339816151468	0.00721400157901815	0.410890988146137	1.16358528424219	0.0138858171742665	0.114165906592902	0.00898303228706987	0.0100001933346737	0.299939448068156	0.0174852203414533	0.0986619613897111	0.37818063399181	0.188480912629229	0.0131557385067489	3.42563051961112	4.01857761189254	0.743771415082851	1.36462082866529	4.39138100898732	5.56517783409304
"16"	0.00807070861507666	0.226597993767999	0.241798568101207	0.212899333253983	0.013729218471423	0.519426578391416	0.00255557417851967	0.315383075560026	0.00865605492076517	0.193243865194289	0.23201694335497	0.0101203978994219	0.228904736938593	0.00889509809084854	0.0429016342289912	0.0766571074345151	0.022532799394834	0.00462162836221926	0.295354267856681	0.0651041447500599	0.0180145036873813	1.56666857095178	3.57897334553061	0.471968337146677	1.10832045394154	4.25912261481693	5.42495515549207
"6"	2.68161293878713	2.40469217387588	3.30906797235714	0.366629851351023	0.0154289193808403	0.490081529685635	1.37446275983001	1.00106641329129	0.0965015856527211	0.509860253796817	1.0827806095968	4.04030885570545	0.105817125044403	0.00987225728016163	0.611018075215134	0.604880808523885	0.0268275186483175	0.144616660055227	0.0180157889522904	0.213386587509267	0.11981360277137	1.09002807498583	0.0893637437649904	1.83469287492961	1.32640105047905	1.96132632353363	5.76787905778358
"4"	1.32143339758676	2.17864552154129	4.04136791155118	0.104993920947131	0.0180829802573696	0.231131649600896	1.67210523847583	0.240440979881924	0.929093578851596	1.85813794391575	2.96353689330291	0.141496400861391	0.125071372150083	0.0158331722707799	0.411736465882257	0.516940107110736	0.0196557838838316	0.245845162276697	0.0148318535012346	0.176556053613937	0.159008228644802	0.255019250273219	0.00220576743232705	1.12500216315499	3.25665725186685	1.60264637093983	4.0189260949701
"3"	0.083212401290223	2.49479501916681	3.72167082713144	0.497595587693992	0.005396248536216	0.646269906073267	4.7229113056356	0.650921648052471	0.0806962955457765	1.3980663557073	1.8344178623424	0.066028151226046	0.243350899079444	0.0497976641053431	0.296393597171586	0.33723107117541	0.0265829814074144	0.183605463549838	0.0162955129614354	0.63027921037043	0.012107224995051	0.00220533281545483	0.012136410245511	0.352542119694089	0.627522463232917	2.19702438129767	3.48198511551376
"20"	0.00309195646713365	0.506154233853867	0.478969237801024	0.480760290692651	0.0206947197623	0.677350779576211	0.0296547060994532	0.487713812908941	0.00821811495330485	0.262131199353507	0.542626975332594	0.00394407556123494	0.297826609353148	0.0171882947576454	0.0633736904011275	0.114314393402556	0.0246255343408591	0.0318413670077695	0.206088652770711	0.0588120356129799	0.016617736307087	2.51240246947299	3.34799799067629	0.296448940443914	0.187454272979103	0.0469397409668098	5.53767906782299
"1"	0.00119332028111838	0.0769030854466239	3.76985072474559	0.34083015189601	0.0219970128652514	0.255074801785407	0.075357150375907	0.213257617348028	0.0371419439225462	0.760796252721213	0.484578021299303	0.0145103885928971	1.0947938282082	1.73977810421857	0.185947632291853	0.135359162582162	0.0309677017389798	0.00744563506880376	0.23584793761017	0.0011128527259074	0.0195657544501244	0.0135879999287341	0.0044654265649512	0.0360728566329274	0.0330060865845914	0.00565442161658211	5.01981832743104
"2"	0.145029814560366	0.689149091560636	1.81471246364758	2.28739386773682	0.94057490512454	1.03527489875601	1.57518286989353	0.982377555289213	0.394619243613869	0.768595527308078	1.85257136274934	0.0177112846264743	0.201211081882157	0.0125158852001463	0.236060261528659	0.0576619657500423	0.0258584241540887	0.10579914151407	0.0116108078665266	0.00751706608794715	0.0240860994640031	0.0169206859735333	0.0203561582206428	0.00379755688576994	0.0651438902427714	0.000791733349840738	1.81344275554924
"7"	0.0543116727186829	0.0415145644626195	2.00821881767114	2.27071128207347	1.14218458706627	2.02869436037509	1.19689009731765	0.483662896374828	0.285329245150298	0.26781425659688	1.75320785894568	0.018325487267088	0.160329560051139	0.0149151492290014	0.140438181511284	0.000187540937966098	0.026085485960658	0.0608494965844251	0.0141786309879242	0.0109199131839321	0.026896449398512	0.0196386617793813	0.0234225571786365	0.00459144911217824	0.0154701553020322	0.00758964384816102	1.28382846595407
"13"	0.00500197063246785	0.00130795414207421	1.50389553271301	2.30204696469184	0.375044916389635	0.206613061726154	0.499349264787879	0.290206962343295	0.107776343501694	0.420904503602904	2.03980902979526	0.0202370936601228	0.156308948672314	0.0178580120301275	0.103320478604277	0.00316474542727826	0.0261203159970344	0.0759631334969567	0.0164176166742622	0.012412325207484	0.0274920898062858	0.0204921933424129	0.0223679893838331	0.011348396834379	0.00389165566515143	0.0102793269064777	1.5875352487779
"19"	0.00351502568892942	0.00308624686611164	0.91453090447663	1.59495630325611	0.724294554246805	1.8707080302715	0.900538791212942	0.26693899314371	0.163920373102543	0.206180270725177	1.31503637445432	0.0230986260261033	0.0896242411021001	0.0197417310132755	0.0757222965781566	0.00972250581767836	0.0287453044513224	0.00272031786305416	0.0182927340443409	0.0145808070114691	0.0289081541595698	0.0219545965959089	0.0255845489618968	0.012479487983332	0.00809516856884474	0.0147064619848917	0.498812770072707
"17"	0.00361246798515892	0.00141823703687023	0.452170937223073	1.74472193452869	0.475712062646326	1.39625742592538	0.711580570272037	0.3229125275594	0.11468279597708	0.248035505049742	1.46328316869515	0.0218285282124339	0.0719288589167901	0.0208828946719789	0.0752255244543554	0.00644062178994837	0.0278945479579131	0.00456809973074947	0.0180803123915624	0.0142531744619467	0.0282721424888972	0.0206546551290528	0.0230310831208611	0.0117248401810114	0.00764579923172683	0.00957063577885443	1.51681338752118
"10"	0.00431795616261331	0.000985472924444919	1.25293944859924	1.67790973523101	0.59817767607719	0.38730233761679	0.999559783821269	0.324387350490134	0.144059802957796	0.382433753762844	1.03381962110227	0.0229241816039198	0.0783195417673473	0.0200042574986989	0.0685043849603159	0.0104026130197743	0.028651757724047	0.000809196791156103	0.0189047837699165	0.0154533603319066	0.0285979071228711	0.0234491792418946	0.0255902095500163	0.0144348158313003	0.0107436070318937	0.0148870581954672	0.444398336976179
"12"	0.00222468192471449	0.015860019771992	0.857692245731508	1.25471937074016	0.455523028999662	0.283969656364294	0.947066673139426	0.485187062838365	0.107112890523038	0.376262313161816	0.863593919966872	0.0240561438950547	0.0458191929611073	0.0209233107041387	0.0556235530550327	0.0108059116273128	0.0292606400491807	0.00263117012263255	0.0204067679472255	0.0134535113606332	0.0289999674207076	0.0214101239072463	0.0242961195458174	0.0144508810844003	0.0117573388635657	0.00903805656777891	1.48004014818985
