"CD11c"	"CD61"	"CD11b"	"CD64"	"CD4"	"CD45"	"CD34"	"CD123"	"HLA-DR"	"CD117"	"CD62L"	"CD13"	"CD33"	"CD184"	"CD38"	"CD16"	"CD235a"	"CD183"	"CD19"	"CD56"	"CD24"	"CD25"	"CD15"	"CD185"	"CD14"	"CD7"	"CD3"
"4"	3.42814222766219	1.79400633614442	5.52041091938033	6.48186057333332	3.55209690843586	9.09175737915099	-3.66050997252195	-1.12333029433637	2.22874837887414	-0.758903360328543	-1.25129778093632	2.50379397097885	0.586348925694572	0.360469767242523	0.84069426052292	0.0277596621709688	0.126126740156303	-0.102142648326897	-0.00391014345473195	0.0589077122691195	0.137255698829697	0.00146267084298106	0.0348229013914952	0.00870304154712578	1.39571137631851	0.285826595390771	0.0763905734663726
"5"	3.08240959403169	2.65316997049782	4.35977615976597	5.72404448018873	3.65939497704575	8.30684033923113	-3.71972517288233	0.293421653926199	2.49693436268535	-0.857332090568414	-1.1730277202721	1.3389850222776	0.782646516262886	0.747546712489417	0.998306546432039	0.140598508904217	0.285961243491907	0.0739129066973057	-0.0122663356510193	0.152684280139394	0.386005767866059	-0.000734886463797662	0.111047405631567	0.00544934558439291	1.31145077902385	0.348557243825697	0.110656046402222
"12"	2.02378327809602	2.4850222583521	4.07255099203154	6.51509529045717	2.04375622328894	7.02873841488747	-3.6434645336843	0.269355362203002	1.5916233262857	-0.75602016818981	-1.40750946260077	-1.31760776810046	0.726559957029223	0.572267875080109	1.61701147399482	0.115496592075915	0.186493109525984	-0.102453351006409	0.00024187747044225	0.144628946649785	0.348430532882281	-0.00237460496381429	0.130197960799527	0.00741078630182505	0.926656323851627	0.28285467140344	0.0364681925631849
"8"	2.46880084789622	2.48846902958556	4.30210066832834	5.04963119456972	2.23458606796266	7.80404521156107	-3.74116992601794	-0.845691523521605	-0.69758028268953	-0.858398959377482	-1.43926468042129	1.42279845087278	0.609851878354154	0.340884645817293	0.956193269510963	0.0834936859097976	0.175349774707223	-0.129035752449656	-0.00332528654165789	0.0447454170766666	0.362366014764047	0.000120544419667882	0.103938199650291	0.00893025671196329	1.32019231679697	0.276847638370732	0.0546828583934669
"9"	2.80289815868247	3.16213760148483	4.55181146063347	5.8479477051767	2.80643291001631	6.99185241787061	-2.10093207077335	0.494431945635347	1.42590790772074	-0.617657863363308	-0.545021288089992	1.15772779689362	0.735905714132268	0.762991838015555	1.09821820831643	0.54458045689513	4.19780640591667	0.042725238806087	0.6101048128899	0.224922124507817	0.913703053046934	-0.00343468981395907	0.429069679776316	-0.000947880223391126	1.18643440085171	0.348990933218244	0.149768557627003
"3"	2.46317507297996	2.68925045325418	4.63864097691062	6.05984837333924	4.71089037934696	10	-1.42290419865844	0.135316697585909	1.20988833209919	-0.712471138255029	1.05255317083732	1.14466224661944	0.396257234409441	0.743799732245491	0.994978923317518	0.275943590184667	0.445581219233366	0.153921402929921	0.0629015248158849	0.200188753958117	0.486887976089399	-0.0105544242527257	0.245445309457797	0.309446971558194	1.00097742842538	2.8684048309665	3.71904638744513
"7"	-3.25679731276782	0.400442112259228	1.43812177897041	3.14984405289477	7.17671395441271	9.94235330756941	-1.42232987062122	-2.34359304945836	-3.61779378630738	-0.799116825428353	1.9678831689329	-1.14485959854048	-1.32137215470882	-0.441875752175357	-0.363025295508936	-0.00988904210499686	0.161747297399362	-0.116996194760097	-0.0050533269917733	-0.345460290000211	0.193304685809702	-0.00962922194075145	0.00882867702122862	0.374772741700749	0.481291565813338	3.56617329688744	4.1338331595048
"2"	-3.14550305012838	-0.385179697400366	1.43621837061106	2.58223689523986	5.94264364097236	8.72973063645034	-2.03511485102637	-2.32436934266991	-2.04203621508846	-0.750875787924676	-0.123551701646005	-1.13907091455153	-1.28006408730021	-0.686331700499425	-1.81258423604101	-0.0040899537443735	0.12649578473142	0.0891585974173459	-0.00550697747106415	-0.266290519327013	0.0601932479255315	-0.00402950855100647	-0.0300573730638064	0.306648203323309	0.429847491457544	1.94268457563442	3.72258756965268
"6"	2.38024191475168	1.85043644792612	2.1064224403441	1.26379730745881	1.49262805278449	6.35181318821035	-1.49133929246097	0.619266670963683	1.68984456924655	-0.73674386644576	-0.338715137424907	0.282811476915034	-0.929432385570376	-0.0997675168185067	-0.517248526691426	4.21684979695511	0.210246033708726	-0.112414177858357	-0.00395793377501057	0.542123320617396	0.557111324731485	0.000940362693980974	0.0774592316233571	0.00758434853289921	0.330262627493988	1.23258007096549	0.0837898700862866
"13"	1.34232764960709	1.99948334426314	1.6064349741182	4.23088512362698	2.12695044349542	4.92941373092788	-3.47158611509371	1.18636438941989	2.88212405752269	-0.734481433162587	-1.26267287746762	-1.45469434369087	0.654198498125184	1.44469267529356	1.99491997937357	0.137169459344947	0.172905749697296	-0.0708138077173704	0.00230661015019124	0.27655749700199	0.441716521266456	-0.00675174500471705	0.174713565384729	0.00513391641229947	0.263809420691989	0.236353222163355	-0.00251682324353675
"16"	-2.33388738253487	1.97465545107567	-1.39406856941603	1.50202685481118	1.83022500757767	1.89342842935836	-0.878295010002266	4.1128128135411	2.36108138558317	-0.708088529987089	0.0221477864308729	-0.486951091652399	-0.951866702462658	0.850399365495949	0.246417205875847	0.0582290326617992	0.6351776332741	0.119427377383449	0.0359359647092285	0.163154881929148	0.254970138978624	0.000596644942807018	0.114174426538516	0.00563758434096406	0.356172255658842	-0.358109391590245	0.00787696565074548
"1"	-3.14951754660326	-0.45541530389814	-1.75350850303579	-3.40811162149333	-3.65887626011331	8.53062211258634	-1.26373527029245	-2.30187137500174	-1.43176500795282	-0.757008882650996	0.0562020224142059	-0.803706038513188	-1.28409552446041	-0.743301800872767	-1.11299319343216	-0.00550356270404858	0.0588687153040068	0.178940474067578	0.00360192115353292	-0.242051298814797	0.0292031535929888	-0.00154440700512666	-0.0446186570092702	0.198858233335114	0.438143219703304	2.57610172048394	3.426102591798
"20"	-2.45872491705567	-2.00295614749652	-3.39409250679084	-5.21735302885584	-4.18355814231129	2.36430654761118	-1.20386652686626	-2.0829155358912	2.38120079900283	-0.699483189576447	-0.762504500235954	-1.25558275070163	-1.20728379041962	0.194296540048669	-1.33358712684939	0.00561093806934574	-0.0377715542549708	0.996059003335158	1.7693698307745	0.049403230991558	0.0503916633345071	0.00510707042586939	-0.0690366968535832	0.230280317804177	0.391785280115348	-0.65768389291168	-4.99214863527576e-05
"15"	-2.61543048080112	0.413802767537122	-4.99604469808686	-5.89351631981041	-4.50339022672767	-6.04228724456949	1.98080146884224	1.18497441687787	1.47209358773787	0.786550895933964	0.438720829597687	0.430866939641031	-0.0872304826707782	0.076522949950648	0.44108988532504	0.011041481481319	0.0971461570738287	0.0346457745314262	0.000648032484724603	0.0629583411698336	-0.358120897585049	0.000525689112143168	0.0020387726864348	0.00313376736939717	0.572272069593851	-0.822181483132278	0.126817475421762
"17"	-3.13410281400134	-3.45267032725069	-4.88716980170267	-5.79100146563196	-4.40281845082062	-5.23003699138348	2.71020128581998	0.979428281812662	1.76460933549574	1.07037752402519	1.96363191405679	-0.382886241637454	0.115039529296227	-0.286060304014957	0.91449313890044	0.00886063506128509	0.0766344356919494	0.079488984597051	-0.00126761346096727	0.0557914623982931	-0.351762190814333	-0.00122832699813007	0.0256094199909646	0.000669828032855019	0.520601372139663	-0.768864623530968	0.0922523059789429
"10"	-3.21143295868701	-4.13207205175379	-4.84899744350311	-5.8143650658287	-4.36715424968342	-5.26097247977845	2.71940402900138	-0.614221725604836	-0.486891563497172	0.257035310543263	-2.12256306740324	-0.953401823173353	-0.880000686513413	-0.077324610631277	1.41765893695046	0.0115059243208232	0.0872149658174474	0.018428422326231	0.00407260734812614	-0.0784821178534733	-0.38640071791369	-0.00123291052643535	0.027050182809508	0.00578875592788444	0.503165126678219	-0.752839468913654	0.0753521049027291
"18"	-3.182569139553	-4.09965004395711	-4.81362126170221	-5.78134794867009	-4.33303224152371	-8.24885699551499	1.49658761265869	0.351115941700435	-1.51396397521714	0.624296481609905	2.00885034800951	-1.38570648961199	-0.573394866584061	-1.00601560442198	-0.660229720871853	0.0151400792038237	0.088087381364343	-0.131763841136901	0.00629902807508896	-0.232129458580858	-0.383860157820549	0.00286061778389823	-0.0776628406906807	0.00779714650777152	0.485886800830418	-0.739991813521479	0.0732305851635352
"14"	-3.29730275121334	-4.21434932949635	-4.95393815230996	-5.90069436022735	-4.4570078542087	-7.25251152989728	1.60005929670227	0.281603314744533	-2.34087165462944	0.416627547182261	1.57151547757484	-1.19159159757499	-0.934260590443735	-1.07300356087825	-0.669936810412793	0.0136364481009349	0.111282346965205	-0.166392499456028	0.00750722274746619	-0.247375216881539	-0.407973823524717	0.00277362096792744	-0.0814580451695422	0.00854706411520701	0.553304672482547	-0.801643122022358	0.111604740877391
"19"	-3.40063466872322	-4.32768643474286	-5.08651790692287	-6.02189001142658	-4.59856913390246	-8.72888360497442	1.60423667039923	0.484759064387207	-0.969762069707056	0.470776515760511	-1.22581024937757	-1.08983098263209	-0.627332571709164	-0.308969726393618	-0.984665600487244	0.0161930075135078	0.125759680553842	-0.156283643141252	0.00736819995361437	-0.260026146588539	-0.452230993349056	0.0031891671527374	-0.0890040560206259	0.00959511526712226	0.619416282328504	-0.88451499274086	0.185358312376865
"11"	-3.57208259074525	-4.50133907528519	-5.28760501003763	-6.20428458031026	-4.78590269604615	-6.82080635312893	1.08052884385288	0.218546547228313	-1.07334366996454	0.322529165606385	-1.32762311155319	-0.959823661113608	-1.02441545435575	-0.45606317990274	-0.762000293919997	0.0173847073139063	0.14724238610004	-0.165707195349383	0.00765385715638012	-0.273025904992859	-0.492321801275666	0.00298031870131862	-0.110291832756134	0.00982745859586152	0.719416672616459	-0.990326534307365	0.263876004971225
